657672816	657672816	1	0	1624626585	1625815774	1626176379
951113740	951113740	1	0	1626645405	1632295072	1632295072
707818196	707818196	1	0	1616423932	1635395861	1641017831
476953556	476953556	1	0	1630248561	1630309985	1632156706
967792676	967792676	1	0	1643207425	0	1643207507
624638534	624638534	1	0	1622785774	1628659785	1630415459
794588847	794588847	1	3246571443	1603277799	1603278621	1603980212
914613915	914613915	1	0	1627134452	1640401879	1641101911
819341769	819341769	1	0	1606664346	0	0
941199397	941199397	1	0	1600274636	1601097940	1601097940
940503489	940503489	1	0	1600272367	1640967117	1640967117
719965861	719965861	1	0	1637585754	1637586453	1639319885
761126938	761126938	1	2432115441	1600272776	1631628800	1641100702
749313382	749313382	1	3577002885	1618660462	1618660948	1629991508
1071019950	1071019950	1	1830035021	1600436281	1610988685	1610988685
960307370	960307370	1	405294757	1618927649	1619017971	1619019200
956338495	956338495	1	2277861699	1627051550	1627545173	1627812738
609858001	609858001	1	307390051	1615971617	1616247479	1616247481
982721678	982721678	1	0	1613644647	1613659347	1613659348
244810480	244810480	1	277130617	1610189430	1638686549	1641100885
822417015	822417015	1	2432115441	1600272577	1644394667	1644421671
680112923	680112923	1	2432115441	1600272365	1629906132	1641096361
397085920	397085920	1	0	1600274604	1629951947	1631416806
809970469	809970469	1	0	1600274620	1613986571	1613986571
1082440972	1082440972	1	1139766029	1603773110	0	1604050364
592506265	592506265	1	0	1621775481	1623082933	1625227621
950242340	950242340	1	0	1600274637	1613709151	1613709152
676105013	676105013	1	0	1627102536	1627105389	1629330005
787379523	787379523	1	0	1626439847	1626439870	1638791284
970196183	970196183	1	1830035021	1600274637	1613903393	1613903394
1020370001	1020370001	1	0	1618749170	1624287577	1626186273
578046707	578046707	1	859924230	1633221530	1633221863	1633221863
780713089	780713089	1	0	1629732090	1629817616	1629817616
1018079080	1018079080	1	0	1600274637	1641052607	1641101184
884613004	884613004	1	0	1616677277	1616686665	1618407183
486958804	486958804	1	0	1634535474	1639105767	1641016755
416917016	416917016	1	650912176	1604498449	1609074354	1613816791
751700470	751700470	1	0	1636986327	0	1644199438
1136166835	1136166835	1	0	1632389312	1632392055	1635379542
601170995	601170995	1	2235713451	1610957419	1612589173	1613471582
801117704	801117704	1	0	1629003422	0	1631440219
763312524	763312524	1	0	1621303118	1621303406	1621342051
874867547	874867547	1	0	1628437346	1634769417	1634958865
232392284	232392284	1	0	1629514432	1630317788	1630317900
144922597	144922597	1	0	1616594618	0	1616595740
1032921896	1032921896	1	0	1629598357	1629598594	1629601622
966582874	966582874	1	2432115441	1600348660	0	0
1078051161	1078051161	1	1830035021	1603278116	1607316579	1608003904
465690229	465690229	1	0	1628752824	1633703898	1638106539
760221027	760221027	1	0	1627973461	1637851565	1641086048
690186817	690186817	1	2898579450	1621530834	1621530930	1631443661
1146149969	1146149969	1	0	1633785383	1635591540	1635650376
974965004	974965004	1	0	1628758233	1628758637	1628758917
984804228	984804228	1	0	1629460454	1631199679	1631199679
978733840	978733840	1	0	1632138745	1632138911	1632190603
1034869239	1034869239	1	1830035021	1601032409	1601033964	1601047682
414723245	414723245	1	0	1637586581	0	1637586581
159742135	159742135	1	3429839089	1606826797	1606831392	1606831392
372432387	372432387	1	0	1629366387	1629456074	1634343125
971083739	971083739	1	2640094872	1617862314	0	1617862928
1067260550	1067260550	1	2432115441	1601037013	1604668267	1604669882
970914507	970914507	1	0	1613810749	1613902969	1613902969
772136629	772136629	1	0	1610384852	1612714141	1612714141
821394184	821394184	1	0	1629809690	1641093752	1644422282
547095297	547095297	1	0	1614863538	1632969548	1641100975
980786986	980786986	1	0	1635596737	1641012559	1641100797
1085894099	1085894099	1	0	1616587907	1616587941	1631547312
1017049878	1017049878	1	2274857288	1601041139	1629957217	1641024932
763770295	763770295	1	0	1641208416	0	0
1105394011	1105394011	1	1830035021	1601097593	1614941744	1614941744
806906563	806906563	1	0	1623929646	1627313923	1627315425
703276033	703276033	1	2235713451	1610945873	1622953058	1631349320
932437753	932437753	1	2659348757	1613106109	1613199497	1613199599
424149783	424149783	1	0	1638005617	1638017584	1638068517
254365821	254365821	1	1192634309	1627802418	0	1627802433
1103501846	1103501846	1	2432115441	1601518910	1601559885	1601815995
914887159	914887159	1	0	1616508552	1625833109	1629126207
1148040508	1148040508	1	3246571443	1601623780	1601623963	1601623963
959221857	959221857	1	0	1619832916	1619838796	1619838825
1128937252	1128937252	1	1830035021	1601695398	1602154006	1604045733
1132416583	1132416583	1	1830035021	1601970831	1612350236	1612350236
472238788	472238788	1	0	1624703837	1626277707	1626409236
815844065	815844065	1	0	1617860742	0	1617862246
721055401	721055401	1	0	1626521360	1628138157	1628138158
175439455	175439455	1	0	1637475414	1639295622	1641019082
1014126954	1014126954	1	3092768424	1611064330	1628069720	1628069720
982187368	982187368	1	0	1629121856	0	1629122212
942480295	942480295	1	0	1620623115	1620903352	1620903379
854926325	854926325	1	0	1637077192	1637157303	1637157303
762989419	762989419	1	1830035021	1601724451	1602147804	1603987267
1153704329	1153704329	1	3246571443	1601822340	1601953448	1601955002
879081940	879081940	1	0	1616217507	1616683188	1620266789
612421559	612421559	1	0	1637597895	1637598674	1637601863
833845872	833845872	1	0	1615565183	1615565597	1624894507
366636147	366636147	1	0	1627390419	1627390469	1639806482
947916936	947916936	1	0	1637986749	1637987033	1637987036
1048318600	1048318600	1	2822411294	1601864411	1601864811	1601864811
524221085	524221085	1	2191693283	1618135482	0	1619172206
755388360	755388360	1	497283281	1618020011	1618023791	1618752821
778105906	778105906	1	0	1633318613	0	1633337574
686637213	686637213	1	2546638871	1610380289	1623173313	1623205548
569254210	569254210	1	0	1613908700	1613984374	1613984375
947940447	947940447	1	0	1613734730	1629862435	1641085505
575180576	575180576	1	1830035021	1607320076	1607401157	1607401157
680500874	680500874	1	0	1628734412	1635345049	1641101560
1159612869	1159612869	1	0	1602993022	1603002819	1603002819
1129997301	1129997301	1	2432115441	1602689319	1614008907	1618049743
1139175687	1139175687	1	0	1628751150	1630768751	1630768751
1026940503	1026940503	1	0	1633315688	0	1634431096
929320781	929320781	1	0	1634220899	1635080523	1635080525
1075333671	1075333671	1	1830035021	1603170198	1603375819	1604046859
1060648996	1060648996	1	0	1632107162	1638625798	1641100723
1074136251	1074136251	1	1830035021	1608120942	1613475763	1613475763
960286974	960286974	1	0	1628924535	0	1641011195
1093386003	1093386003	1	2392435527	1603543615	1629124564	1641087472
261558691	261558691	1	1262808571	1628390526	1628569907	1633142209
476901801	476901801	1	1990151623	1619161061	1640016800	1641099516
959584516	959584516	1	0	1638777083	1638802731	1639310235
912921363	912921363	1	1598983572	1612879463	1613217389	1613909938
749818987	749818987	1	1845970016	1617026552	1644412277	1644412918
431070340	431070340	1	0	1633232827	0	1634787753
985431849	985431849	1	0	1641208416	0	1643431240
822109462	822109462	1	0	1623076985	1627305329	1627305329
588405636	588405636	1	1830035021	1603603480	1603614054	1611247351
985635851	985635851	1	0	1630072562	1630074217	1630074217
279314021	279314021	1	1830035021	1607320001	1610008284	1610008284
1077821487	1077821487	1	571646771	1604197438	1625622723	1631370113
732099662	732099662	1	0	1623737146	1628078539	1628601724
1033523611	1033523611	1	0	1616827871	1624545060	1624545060
923438497	923438497	1	0	1612704195	1612704204	1612704447
884142271	884142271	1	0	1623645415	0	1626481905
1076282595	1076282595	1	1830035021	1607821003	1608199308	1621850890
784128393	784128393	1	2557690174	1611929051	1612451448	1612451448
1092706733	1092706733	1	1830035021	1607511849	1607769426	1607769426
879661290	879661290	1	1830035021	1607336678	1607922433	1607922433
1003626306	1003626306	1	0	1630334406	1630350374	1631194123
942443413	942443413	1	2432115441	1604670846	1604672905	1604673297
100494721	100494721	1	0	1627169386	0	1627616787
127464	127464	1	0	1641817210	0	0
860789110	860789110	1	0	1617861391	1617861403	1617862486
949698645	949698645	1	1830035021	1607349422	1607511573	1608355065
865757193	865757193	1	1248385466	1611140074	1621835638	1627622312
162279609	162279609	1	0	1606664346	0	1606664540
811217612	811217612	1	2117405789	1616978406	1626148473	1631445023
943122801	943122801	1	0	1629565606	1639197965	1641100626
165835656	165835656	1	0	1633785418	1635437750	1636986295
635780254	635780254	1	1830035021	1606664346	1628213177	1628467445
980171862	980171862	1	2298366922	1621154813	1621154882	1628158224
764293249	764293249	1	1679260242	1618273685	1618675553	1619014465
905802846	905802846	1	0	1628751763	1640916721	1641092959
1158677338	1158677338	1	0	1616300828	1616301713	1630759440
724119082	724119082	1	1606870747	1606755568	1621472762	1621472763
282698142	282698142	1	2432115441	1618247192	1618247253	1618576390
973823535	973823535	1	707794239	1617626175	1633972889	1641085339
1087189024	1087189024	1	1830035021	1607320028	0	1609018442
810015177	810015177	1	0	1631112020	1631112071	1632955691
461235958	461235958	1	0	1623494260	1625900258	1630750390
1065911088	1065911088	1	0	1627784952	0	1627785285
859575686	859575686	1	1830035021	1607320099	1611968267	1611968267
717491023	717491023	1	0	1628692803	1628950251	1629300676
735808089	735808089	1	1830035021	1607341862	1627976957	1629372661
924770813	924770813	1	0	1632048241	0	1640518350
871489194	871489194	1	3320514740	1607392248	1638870250	1641101289
119536037	119536037	1	0	1633500649	1633500849	1633501025
235065014	235065014	1	2769159041	1620648913	1621091324	1621568702
892889467	892889467	1	812703321	1607951368	0	1607951480
1009679550	1009679550	1	3473371079	1608355117	0	1624668860
232280460	232280460	1	1139766029	1609500820	1609898843	1609898843
612334982	612334982	1	0	1610385426	1614524022	1614524023
721210659	721210659	1	0	1627823752	0	1631962465
458684822	458684822	1	0	1610516158	1612628586	1612628587
1005120840	1005120840	1	0	1626680268	1626832846	1636246524
414315169	414315169	1	0	1627382969	1632201558	1640411577
1012415318	1012415318	1	0	1638085685	1644032803	1644038835
796036738	796036738	1	0	1629598111	1634961830	1634980379
452290899	452290899	1	0	1637369720	1637370371	1637370858
1160061904	1160061904	1	2432115441	1610715195	1613960657	1613960658
574854788	574854788	1	0	1635306652	0	1635306675
927053533	927053533	1	0	1611920249	1641049627	1641095220
384376159	384376159	1	1843618529	1610949140	1611592069	1627487142
875792922	875792922	1	0	1631714502	1634008830	1634269811
578991793	578991793	1	0	1637436671	1637478307	1637481887
1125026350	1125026350	1	1830035021	1610770764	1640954339	1641042268
799264418	799264418	1	0	1615691567	1615691879	1615692682
905297175	905297175	1	1248385466	1611145301	1611413761	1623984545
530337481	530337481	1	0	1623494260	0	1636777945
922056750	922056750	1	514956289	1611149675	1623637728	1623642213
878895539	878895539	1	0	1628174567	1639623415	1641084647
684897958	684897958	1	0	1617370465	1618065988	1618069193
419228603	419228603	1	1069539994	1611250711	1611324775	1611324775
675141001	675141001	1	0	1623494260	1641095441	1641100716
901914332	901914332	1	514956289	1611323877	1611391641	1611396518
811410156	811410156	1	1090101187	1629864452	1629907642	1638142186
628529231	628529231	1	0	1611324685	1612783928	1612974589
1048326206	1048326206	1	1575713421	1611325176	1621169001	1623499535
1157446713	1157446713	1	0	1618687393	1621093258	1621942441
979923150	979923150	1	0	1633100079	1633157917	1633157917
1074307116	1074307116	1	1069539994	1611372655	1637594817	1641099674
561994111	561994111	1	0	1629176656	1629773297	1629798690
959140382	959140382	1	1253452821	1611379400	1611384949	1611384949
1003798297	1003798297	1	0	1627830255	1633795405	1635078540
420230370	420230370	1	641654018	1623834485	1625197574	1625197581
983229874	983229874	1	0	1633324443	1636772719	1636772868
960314780	960314780	1	1253452821	1611384975	1618408806	1621609684
823089088	823089088	1	0	1629905214	1629906567	1637999865
1051127672	1051127672	1	0	1616164763	1616236049	1630678512
871870896	871870896	1	1696610396	1615906326	1641092644	1641094498
1037048972	1037048972	1	1398294492	1611406102	1611406706	1613653956
650716554	650716554	1	604514083	1611575144	1612743419	1612743420
910817397	910817397	1	0	1613709199	1614085557	1614085557
287488928	287488928	1	0	1630930035	0	1632583231
951673820	951673820	1	864799893	1611592625	1611632607	1611632607
562846562	562846562	1	0	1626421936	1626475493	1626476214
863918878	863918878	1	1273435147	1611663456	1629956719	1631240490
716704418	716704418	1	76543700	1611728538	1611728622	1611728778
878336606	878336606	1	0	1614409792	0	1614409992
272330985	272330985	1	1404020759	1628412492	1628506122	1628574022
922578443	922578443	1	0	1632668639	1638327834	1641101573
786456851	786456851	1	2867380366	1626257268	1629202176	1629202390
939822399	939822399	1	0	1611735157	1613810676	1613810770
1083605041	1083605041	1	0	1627533536	1627562191	1629720146
415457699	415457699	1	0	1623590465	1626921817	1633034640
1046461032	1046461032	1	869612625	1611753827	1611760697	1611760697
1031374114	1031374114	1	0	1628120053	1639786299	1641084557
763802471	763802471	1	0	1633341224	0	1633349137
1003668787	1003668787	1	0	1611895754	0	1611895754
934126786	934126786	1	2980798935	1611932583	1613747950	1613747950
1050171484	1050171484	1	0	1633318608	1640616125	1641101428
1045235295	1045235295	1	0	1633785389	0	1634263852
1090101897	1090101897	1	1229754610	1611932796	1616388157	1616388157
882460112	882460112	1	307390051	1622339653	1622340484	1622515091
1080845386	1080845386	1	1229754610	1611939823	1612452224	1612452224
460446108	460446108	1	2432115441	1611976990	1612613778	1622300089
941570375	941570375	1	0	1630414263	1630766397	1641091292
644577175	644577175	1	0	1624411377	0	1629183340
718711481	718711481	1	0	1628483074	1628564926	1637902354
909689851	909689851	1	1040255870	1611995382	1611995576	1611995621
594078463	594078463	1	0	1616508975	1626099846	1631106416
1135650620	1135650620	1	0	1626689039	1626689073	1640973864
891859091	891859091	1	0	1626568243	0	1626568243
123600187	123600187	1	0	1626355768	0	1640353930
203015658	203015658	1	0	1626233587	1626237139	1626237139
756811475	756811475	1	1040255870	1612075647	1612094683	1614618326
786166224	786166224	1	2432115441	1613904982	1643105857	1644415057
653516291	653516291	1	734491496	1612112463	1612112482	1612112482
965298617	965298617	1	0	1630080554	1630219920	1630220220
120330622	120330622	1	734491496	1612112961	1640425157	1640425157
906849499	906849499	1	0	1622287372	1636118781	1641098469
799725554	799725554	1	0	1615037816	1619276080	1619276777
739558731	739558731	1	0	1628229647	1638203298	1641100378
414358487	414358487	1	734491496	1612113714	1612113744	1612113803
637281291	637281291	1	1979144035	1617539113	1617540404	1617540408
562347181	562347181	1	734491496	1612113906	1612113963	1612114063
963720791	963720791	1	0	1612182663	1612182801	1612248404
991760378	991760378	1	0	1637659961	1640447314	1641034889
492790642	492790642	1	0	1615037810	1619799672	1631372793
963631950	963631950	1	0	1619506138	1633301476	1633301476
982867773	982867773	1	0	1617980264	1617980265	1617980265
744381517	744381517	1	0	1628765020	0	1628765089
878536603	878536603	1	0	1630818024	1630969878	1641094190
1049044656	1049044656	1	1369830596	1612185791	1619178805	1619178805
1143623404	1143623404	1	1161133850	1612239121	1626942407	1636272023
431631057	431631057	1	3544300140	1612240319	1625983675	1625983675
694730026	694730026	1	0	1629772525	1638522332	1638889549
817617382	817617382	1	3453115776	1615289814	1626356602	1626356647
701482943	701482943	1	897793609	1612251409	1615017885	1615017885
937345367	937345367	1	0	1612417268	1612919133	1625718352
797938127	797938127	1	2101548927	1612594075	1627547200	1627777445
834482928	834482928	1	0	1627867176	1627983774	1628596949
1012323135	1012323135	1	2432115441	1612618440	1643372054	1644387375
773408734	773408734	1	0	1627110137	1627776521	1636118855
905596676	905596676	1	1415216160	1612622813	1628986617	1628986617
719331809	719331809	1	0	1626233601	1626237182	1626237182
614816432	614816432	1	0	1623590736	1644070826	1644421473
974979120	974979120	1	0	1629879664	1630144849	1630639179
1057920248	1057920248	1	0	1623645413	0	1639271137
819784875	819784875	1	2023166787	1612675719	1625285624	1641089810
286062957	286062957	1	2023166787	1612676358	1616756862	1631362344
961325748	961325748	1	0	1616244220	1616402160	1616402160
593994738	593994738	1	0	1625701443	1625731292	1625834342
1018752584	1018752584	1	1247827462	1612695512	1612708027	1612710092
578758414	578758414	1	785883836	1617431093	1627636567	1640859614
902108531	902108531	1	0	1622562173	1624337071	1627303247
979747636	979747636	1	0	1629036010	1629293989	1641101202
820663680	820663680	1	0	1642773749	0	1643164413
698393583	698393583	1	1175386909	1619154222	1619243067	1625239058
883412795	883412795	1	1247827462	1612753556	0	1612753634
801253494	801253494	1	1192634309	1627802436	1627806522	1627806793
763810230	763810230	1	0	1616827232	1616925646	1616926001
737831348	737831348	1	3179385718	1612776585	1644402339	1644422046
180318638	180318638	1	348374039	1626514320	1627731523	1636805040
545281965	545281965	1	1069991051	1617959737	1618753384	1619857025
1094781052	1094781052	1	0	1616594603	1623550937	1624750926
690495798	690495798	1	1536318533	1612777638	1625492437	1627186223
597494428	597494428	1	0	1627102865	1627183750	1627183954
823281671	823281671	1	0	1640608987	0	1641099933
707308736	707308736	1	1069991051	1620564811	1620969071	1623561904
1087036007	1087036007	1	2971483039	1612784198	1612788678	1613292706
1067849569	1067849569	1	0	1627722523	1627725356	1641098762
2087922597	2087922597	1	0	1616594614	0	1616594614
748399808	748399808	1	2432115441	1622891140	1623135924	1623219039
191198971	191198971	1	1092983463	1618551519	1619091945	1619091945
757273151	757273151	1	0	1615783151	1615785541	1615807911
929868912	929868912	1	0	1612793309	1613188404	1613188502
1151476341	1151476341	1	1830035021	1620474757	1620474801	1620474801
834920191	834920191	1	0	1626710075	1630078393	1640997648
205692633	205692633	1	0	1624683661	0	1624683661
456877696	456877696	1	2503000495	1623591389	1632962057	1638497211
726184390	726184390	1	0	1629291452	1629335457	1629372754
457895653	457895653	1	0	1612973137	1620095602	1620371491
1033231769	1033231769	1	1257446737	1612973266	1613016054	1613016425
1082028628	1082028628	1	0	1624598852	1637589640	1641099762
857017241	857017241	1	0	1632048303	1632187488	1641098014
583546026	583546026	1	2659348757	1613106579	1613311256	1613311523
947921259	947921259	1	0	1630725355	0	1640951136
869543467	869543467	1	0	1632668585	0	1632669174
1027214887	1027214887	1	0	1613409068	1613567890	1613567891
758652565	758652565	1	0	1627795779	1637498426	1637673233
561265550	561265550	1	2369928972	1613133170	1641095222	1641095222
698738034	698738034	1	0	1624023088	1624023162	1626497701
893943546	893943546	1	0	1629104327	1629104643	1632191089
341519667	341519667	1	1679440589	1613194462	1613571570	1616388258
818653129	818653129	1	0	1614863549	1615008088	1615008089
640284521	640284521	1	3296156750	1617120757	0	1626948659
1023271411	1023271411	1	0	1618687841	1618687979	1628938216
964666846	964666846	1	0	1634363839	1634364249	1634364249
375484980	375484980	1	1577264495	1631635125	1631864395	1633267869
2606519667	2606519667	1	0	1613194618	0	1613194618
938322029	938322029	1	46121968	1628939590	0	1630457516
1085890320	1085890320	1	3282827064	1618722924	1641039341	1641101777
883640949	883640949	1	0	1624349428	1629598463	1641100520
960851146	960851146	1	1247827462	1613218762	1625972362	1625972362
866120256	866120256	1	0	1627655666	1627656466	1627656466
1022327980	1022327980	1	1248385466	1613223767	1613224104	1613910280
533978080	533978080	1	0	1629641459	1629877729	1635389230
933259161	933259161	1	0	1626514403	1626689629	1641101803
241403685	241403685	1	1751455741	1616347643	1628612490	1639967107
1130363079	1130363079	1	1751455741	1613282221	1628612605	1628612605
778675168	778675168	1	1751455741	1613288239	1617595733	1617609729
1084126934	1084126934	1	0	1627735971	1641008769	1641008769
1070683138	1070683138	1	1982549356	1620992641	1621857084	1631424286
221890485	221890485	1	1476264878	1641220809	1641220834	1644055143
681382392	681382392	1	0	1629299284	1629797249	1632910723
834862408	834862408	1	2761921238	1613298904	1624776807	1624776807
792676659	792676659	1	392258180	1618928020	1618928137	1623555485
868979492	868979492	1	0	1617035844	1617200667	1617205711
663123777	663123777	1	2498166830	1613300033	1620209808	1620222249
854544686	854544686	1	0	1613312558	1615905198	1617114295
468925104	468925104	1	0	1634957739	1635949343	1641100733
330396338	330396338	1	0	1614693115	0	1636887906
642602890	642602890	1	0	1629561833	1629567110	1629567110
909608860	909608860	1	0	1619436449	1625893477	1631444873
457968395	457968395	1	48267789	1621600334	1634957792	1641101686
991075145	991075145	1	0	1629381037	1629653706	1629653706
1063256692	1063256692	1	2497063953	1613382943	1616308463	1631245163
984245873	984245873	1	360074610	1629380923	1629732325	1631283200
637723078	637723078	1	2497063953	1613382985	1613395387	1613395388
797085940	797085940	1	0	1634220917	1643940698	1644422412
698292110	698292110	1	1751455741	1613383972	1613384717	1613384718
787327303	787327303	1	0	1613475389	1613991636	1613991637
1054364913	1054364913	1	0	1627881211	1644394756	1644421145
686981715	686981715	1	0	1633521374	1633521463	1641098188
215936558	215936558	1	2432115441	1613613211	1613635360	1613872913
372476577	372476577	1	0	1624532020	1626511698	1626518610
1085715351	1085715351	1	0	1613639409	1620109965	1624543723
965949349	965949349	1	0	1616337066	1616502931	1616503378
173637579	173637579	1	0	1613734868	1629867822	1641101742
752125712	752125712	1	0	1631635119	0	1641101554
533374656	533374656	1	0	1622087393	1622087524	1622087547
884512210	884512210	1	0	1613734875	1641056378	1641101897
648718043	648718043	1	0	1639972514	1639999224	1640968224
370368445	370368445	1	0	1629620908	1629811264	1629900518
653351576	653351576	1	0	1632674477	1632674585	1632674585
961685142	961685142	1	0	1613734876	1630071165	1633056390
844025189	844025189	1	0	1633579887	0	1633579911
794233199	794233199	1	2477224077	1613734877	1613985653	1614769673
891080247	891080247	1	0	1640005814	1640006530	1640006530
937015854	937015854	1	0	1627702441	1627720580	1633308873
734432034	734432034	1	0	1633427368	1633576624	1633577606
1103500517	1103500517	1	2569481105	1617112083	1629468378	1641100749
370415228	370415228	1	0	1613735559	1613740176	1613959900
791618702	791618702	1	0	1642214244	1642215715	1642215715
1017849373	1017849373	1	2432115441	1613992815	1614067128	1614067722
1080097957	1080097957	1	0	1613737959	1616821767	1616821769
705515499	705515499	1	0	1621778009	1630680708	1630682539
798816556	798816556	1	0	1623637130	1623644599	1623645487
1036502258	1036502258	1	0	1613742750	1613829238	1613829239
1036964594	1036964594	1	3340811662	1617980686	1617981099	1617981101
213103363	213103363	1	0	1630003911	0	1630472174
893231990	893231990	1	0	1613831078	1617452286	1617452286
387275727	387275727	1	0	1628149269	1628159818	1628161216
936273772	936273772	1	0	1628692767	1629299158	1629299357
697984902	697984902	1	0	1613903668	1614433973	1614959646
859684602	859684602	1	0	1613905111	1613906366	1617549292
966789665	966789665	1	0	1627837405	1631490758	1641101096
1043066463	1043066463	1	1662978898	1620562720	1620568394	1620572585
1025823045	1025823045	1	0	1613914866	1618662285	1618662286
716659123	716659123	1	0	1613952710	1621007802	1621047425
557651619	557651619	1	0	1613970589	1627303342	1639921898
927213308	927213308	1	0	1628409817	1628415870	1628503531
661096754	661096754	1	2432115441	1614169973	0	1639131734
855787624	855787624	1	0	1634745276	1634913693	1634994934
1141587992	1141587992	1	707794239	1616852923	1616856233	1616856234
950534986	950534986	1	0	1617425064	1617524297	1617524297
1030349094	1030349094	1	0	1614961444	0	1621094676
959111665	959111665	1	0	1637586596	1640351143	1641874296
964673245	964673245	1	0	1631635121	1632060853	1640275108
689467078	689467078	1	0	1619546207	1619546479	1629093991
678346508	678346508	1	0	1614170645	1614268573	1614268573
399019763	399019763	1	0	1614216043	1614223738	1614223738
738678781	738678781	1	0	1614216052	1614223761	1614223762
130214040	130214040	1	0	1614216063	1615796982	1615796983
916896443	916896443	1	0	1614216084	1618746460	1618746460
304244845	304244845	1	0	1632814459	0	1633485112
1035988533	1035988533	1	2653944321	1614216085	0	1614216089
963462779	963462779	1	0	1624683977	1624684756	1624791560
570842496	570842496	1	0	1628582534	1628585211	1628675355
258346643	258346643	1	0	1614216092	0	1621240656
836869535	836869535	1	0	1616027737	1639466913	1640253596
892938280	892938280	1	0	1616305388	1616379800	1616379800
1051037336	1051037336	1	0	1614216434	1614276066	1614350512
663405130	663405130	1	0	1616594607	1617397837	1618364642
1073251613	1073251613	1	1912961971	1618106650	0	1618109990
923195843	923195843	1	0	1614222681	1615728458	1616904812
214104484	214104484	1	0	1614333049	1614441711	1614441711
863340516	863340516	1	0	1629350979	1629351132	1629351132
1046111361	1046111361	1	0	1628826450	1628854364	1628854708
344766224	344766224	1	928384703	1629299199	1629300204	1629300659
666212344	666212344	1	2587770840	1615202312	1618593783	1631425234
920987154	920987154	1	0	1614335839	1615711499	1615711500
568624148	568624148	1	0	1615883761	1618057022	1621501270
914225148	914225148	1	0	1616287896	1639988495	1641034455
706484627	706484627	1	0	1629380960	1629652653	1630118760
876527445	876527445	1	0	1614340408	1614340734	1614340735
649023011	649023011	1	0	1615113661	1623043146	1630462417
788599438	788599438	1	0	1614616813	1628551477	1641084449
850848559	850848559	1	0	1623646043	1627197619	1631063269
389995838	389995838	1	0	1614691376	1614691424	1614691424
738101127	738101127	1	0	1614691385	1627530423	1641098798
204253425	204253425	1	2279641026	1616594605	1638920893	1641437386
834766689	834766689	1	0	1614691391	0	1614696154
1154794130	1154794130	1	1679260242	1618274476	1618277860	1619064324
801475385	801475385	1	0	1631537259	1632205206	1641036666
1030776883	1030776883	1	0	1614691398	1641101385	1641101401
851115630	851115630	1	0	1629349431	1629554021	1629554021
770925037	770925037	1	2689609005	1620192709	1628436702	1629517396
870281248	870281248	1	0	1614691400	1628159387	1634477338
1005777900	1005777900	1	1192634309	1631458490	0	1631458490
1040344799	1040344799	1	0	1614692341	1614692457	1614693303
1080483509	1080483509	1	0	1614692772	1628740828	1641100166
1017778665	1017778665	1	0	1618674183	1628521398	1641056303
1053029493	1053029493	1	1196971549	1614863535	0	1644415371
910662346	910662346	1	0	1633146149	1633266419	1641100594
1065679797	1065679797	1	0	1614863537	1627637766	1629605493
973290643	973290643	1	0	1628758355	0	1628758935
1012934890	1012934890	1	0	1633175760	1633176419	1633176419
392425851	392425851	1	0	1614863552	0	1627908262
1049393981	1049393981	1	0	1637284711	1637284728	1637290451
2163992124	2163992124	1	0	1614863607	0	1614863607
775393212	775393212	1	0	1634236878	0	1641046183
173992124	173992124	1	0	1614863615	1615880850	1631444820
112532079	112532079	1	0	1624939087	0	1624939094
694103505	694103505	1	0	1624411127	0	1641015484
741106001	741106001	1	0	1614930205	0	1614930208
682277465	682277465	1	0	1615037812	1624545817	1631442784
960118125	960118125	1	0	1629124880	1629211756	1629283634
729583941	729583941	1	209699028	1640440877	1641226131	1642089942
883412498	883412498	1	0	1615037980	1630340719	1630351141
521749525	521749525	1	0	1615106394	1616824333	1616838167
715143743	715143743	1	0	1615108639	1617881959	1631447679
696394703	696394703	1	0	1629598355	0	1640416218
725994868	725994868	1	0	1615205499	1618749583	1626881283
331801055	331801055	1	0	1615206402	1637385029	1641101759
833151179	833151179	1	0	1615289733	1626017137	1626356206
983118272	983118272	1	1763039059	1641317707	1641367278	1644412802
872407170	872407170	1	0	1633100079	1633349882	1641100988
699026071	699026071	1	0	1626490385	1627575900	1628484275
571827496	571827496	1	0	1624683749	0	1636859936
818097669	818097669	1	0	1615289862	1616236275	1616238212
369881299	369881299	1	2784469783	1618580553	1627449865	1641031383
558024478	558024478	1	0	1615381905	1615989069	1616582918
1016847381	1016847381	1	0	1639295245	1639751963	1640867459
769010522	769010522	1	0	1625828090	1626270206	1626270206
1151717961	1151717961	1	2775604346	1615382151	1643894012	1644422413
599692897	599692897	1	0	1630414255	1637424070	1640963136
526168763	526168763	1	2587770840	1615382157	1619617066	1620013510
801657532	801657532	1	2685890143	1623166251	1623167204	1623167204
921541095	921541095	1	0	1627911695	1634965922	1640966588
4173694676	4173694676	1	0	1615386187	0	1615386188
805718837	805718837	1	0	1626568259	1627313452	1627315658
283694676	283694676	1	0	1615386189	1633854702	1634886974
965871020	965871020	1	0	1615544094	1615544441	1615544442
876621141	876621141	1	0	1629720051	1633528268	1633529149
693615846	693615846	1	0	1616300884	1616301583	1631444441
796446710	796446710	1	0	1628409764	1628414587	1628759156
652616061	652616061	1	0	1628683820	0	1628767913
972735908	972735908	1	0	1615608967	1616202410	1627426835
339713307	339713307	1	0	1630241441	1630241616	1630241616
1027561278	1027561278	1	599814767	1615632155	1636696387	1644421497
677876573	677876573	1	1536419465	1641219790	1641220229	1641258630
935566890	935566890	1	1247827462	1615644426	1615644463	1615644535
665250562	665250562	1	0	1615646649	1618555053	1618555060
766867156	766867156	1	0	1628389446	1632719060	1644413150
974075214	974075214	1	0	1615691769	1631441269	1639316912
3802367116	3802367116	1	0	1617027013	0	1617027013
901489693	901489693	1	0	1628299226	1644154566	1644415262
289125260	289125260	1	0	1615698228	0	1616236233
629564078	629564078	1	0	1630132731	1638065565	1641101518
1153509408	1153509408	1	0	1616032368	1640919309	1641101845
746398878	746398878	1	0	1616246117	1629650162	1629650162
863401935	863401935	1	0	1624970070	1628761870	1641099406
771681715	771681715	1	0	1616285375	1617455159	1617455159
310034097	310034097	1	0	1633785410	1634224813	1634224904
946709773	946709773	1	0	1616287906	1617275026	1617539854
596118260	596118260	1	0	1616399826	1617060316	1617060317
1044641978	1044641978	1	0	1627824918	1640973986	1641100500
975570101	975570101	1	0	1616414957	1641075359	1641075369
1158890996	1158890996	1	0	1616471895	1631026030	1631714732
686689222	686689222	1	0	1629713816	1632955365	1634043392
1040021422	1040021422	1	0	1616481598	1640323574	1641101881
742510962	742510962	1	1641777833	1641220156	1641220881	1642077811
563439646	563439646	1	0	1616503605	1619606019	1630979299
959907642	959907642	1	0	1627398173	1638206818	1638206818
917370096	917370096	1	0	1616509144	1616571414	1616578712
656395681	656395681	1	0	1616548263	1618318342	1618320098
310313792	310313792	1	0	1622038732	1628146041	1638453847
951848626	951848626	1	0	1626534370	0	1626534398
367574336	367574336	1	0	1616594604	1625129725	1631355512
1037700946	1037700946	1	0	1616594606	1623649262	1623686673
1053784149	1053784149	1	0	1616594608	1624200675	1624462750
1028333843	1028333843	1	0	1619274534	1619597699	1619787249
946554645	946554645	1	0	1628751250	1628986274	1628986372
983916911	983916911	1	0	1616650367	1616651261	1623565555
661021255	661021255	1	0	1616651466	1617117317	1617120444
602569829	602569829	1	920848526	1620922447	1624548163	1631447402
1049978072	1049978072	1	0	1625923508	1631949971	1631949971
375043360	375043360	1	0	1630070991	1630071116	1639310667
1146430821	1146430821	1	815564850	1619544592	1619620570	1619620571
762223069	762223069	1	0	1616654721	1617036780	1617068493
377608327	377608327	1	513036975	1616755231	1617108186	1617109345
1167044390	1167044390	1	0	1633428229	0	1641042665
706432831	706432831	1	0	1616811233	1616827792	1617873487
945551078	945551078	1	0	1632577944	1632821404	1636228255
1081196284	1081196284	1	2416649628	1616847559	1622889641	1622889642
1002732400	1002732400	1	3567257580	1616851989	0	1617408072
798739415	798739415	1	58892337	1616857110	1617534383	1617534383
716095341	716095341	1	2279641026	1630679835	1641300248	1644421667
530973411	530973411	1	1460742756	1616857647	1624363904	1631282227
674797392	674797392	1	0	1616859292	1616860467	1616860612
206714163	206714163	1	243090299	1616942113	1631777355	1640368685
231343924	231343924	1	0	1616946102	1616946269	1616946271
1051161669	1051161669	1	0	1625632532	1627950285	1641101904
329672878	329672878	1	0	1616946571	1616946799	1616946800
830334669	830334669	1	0	1628529215	0	1629042647
1081076702	1081076702	1	0	1617026579	1629963589	1641097183
810634312	810634312	1	0	1630679841	1639626455	1639626509
526566829	526566829	1	2417317292	1624412927	0	1625417953
1121436975	1121436975	1	0	1617026638	1617365230	1617365231
978933698	978933698	1	0	1632147260	0	1633273708
312367116	312367116	1	770910267	1617026996	1621172090	1621172091
432166696	432166696	1	0	1629305953	1629306476	1629306476
1064715961	1064715961	1	979553250	1617083993	1633830492	1641093207
966818936	966818936	1	2759426194	1617096315	1617098052	1631359016
383963749	383963749	1	0	1639653990	1640611288	1640918600
949780527	949780527	1	0	1629002145	1629035457	1629177953
780091613	780091613	1	0	1634535145	1635693966	1641053599
930722561	930722561	1	0	1627117672	0	1627143964
712211027	712211027	1	0	1617268311	1617860742	1617860742
869641937	869641937	1	2583345318	1617279838	0	1617289787
659303084	659303084	1	3535482638	1621608871	1626425470	1626514158
732915382	732915382	1	3552387494	1617337291	0	1619057468
948524786	948524786	1	0	1617373570	0	1617377931
957992799	957992799	1	0	1617437718	1644421862	1644422395
953805812	953805812	1	0	1629879670	1630716949	1641047921
965188935	965188935	1	1751455741	1617451774	1617553164	1617553187
938603143	938603143	1	48267789	1617537149	1617540045	1628244901
938369525	938369525	1	0	1628412031	1628506539	1628573862
629679807	629679807	1	48267789	1617537326	1617635503	1621596513
974979498	974979498	1	0	1617627218	1617962258	1617964940
971685840	971685840	1	0	1617635094	1617718422	1624543888
874325935	874325935	1	1398441059	1617635266	1619450123	1629030931
1103246011	1103246011	1	0	1629338194	0	1641083989
976107385	976107385	1	0	1617860758	1617860766	1617862249
188587570	188587570	1	0	1632053212	1642005665	1644412477
971869055	971869055	1	0	1629023881	1629024026	1629024068
593262026	593262026	1	0	1627970244	1629689905	1636183428
979833406	979833406	1	0	1617960138	1617976553	1617976553
1163178520	1163178520	1	1069991051	1617973967	1622451707	1624099550
861712265	861712265	1	0	1626957469	1626960300	1626960354
165456068	165456068	1	0	1634637978	0	0
1036300631	1036300631	1	2350805428	1621420339	1622372206	1623645565
985422897	985422897	1	0	1617978968	1618235243	1618747357
1034117633	1034117633	1	1716504079	1619793326	1623594759	1628390271
828804114	828804114	1	0	1617979118	1617979407	1617979407
634446613	634446613	1	3524375605	1617979202	1633785519	1641100622
985528980	985528980	1	0	1617979638	1617980691	1623093611
951978778	951978778	1	0	1618047378	1618660692	1621684078
902227299	902227299	1	0	1624369555	1624369747	1630315251
526022897	526022897	1	1912961971	1618053501	1633263334	1641026939
882910003	882910003	1	0	1631186005	1631894596	1631894596
835644820	835644820	1	0	1629432234	0	1630943568
1056090804	1056090804	1	0	1618121480	1618238085	1618238085
983103784	983103784	1	3176657617	1618234585	1630488146	1641033167
157331391	157331391	1	0	1628995267	1629622106	1629622106
144129772	144129772	1	1136807052	1620973808	1620980059	1621467877
535179828	535179828	1	1679260242	1618273506	0	1641100737
977265115	977265115	1	0	1630464303	1632472484	1633341384
384212774	384212774	1	1184209008	1618298360	1618401739	1618401739
603079681	603079681	1	0	1629280289	1629287822	1641035164
1037816587	1037816587	1	1048105933	1618929230	0	1619057254
875644501	875644501	1	0	1626704333	1627217548	1633247005
694759405	694759405	1	1390807938	1618392518	1641832728	1643527216
937341756	937341756	1	905417445	1618480157	1628778611	1634554838
970657922	970657922	1	0	1628596632	1629430984	1640433839
730898463	730898463	1	0	1625962107	0	1625962111
653931825	653931825	1	2432115441	1641052913	1641211486	1641211486
708594784	708594784	1	0	1630144286	0	1631635102
933263804	933263804	1	0	1632829604	0	1633953762
1019700662	1019700662	1	0	1618739456	1628939183	1631293920
970941804	970941804	1	0	1624973041	1625892854	1627623953
1018781914	1018781914	1	0	1618745129	0	1618745132
591171796	591171796	1	0	1638190258	1638767953	1641032194
582274962	582274962	1	979553250	1618748373	1640939338	1641101095
935340387	935340387	1	0	1618756414	1624285060	1626186206
957690555	957690555	1	0	1619019937	1621427183	1621427184
970859915	970859915	1	0	1633325877	1633340397	1639637193
240743315	240743315	1	0	1627915258	1630322232	1641026260
730798733	730798733	1	0	1619178018	1620569656	1625457791
1138711832	1138711832	1	1048779461	1621329727	1626311922	1626511195
693480639	693480639	1	3165680637	1619191790	0	1619227081
734158472	734158472	1	1069991051	1619438230	1644411830	1644421346
592881542	592881542	1	2432115441	1641052899	0	1641052901
967790871	967790871	1	1305980561	1619414976	1640589707	1641101129
963404351	963404351	1	547853453	1621005569	1638679919	1638679919
820026084	820026084	1	0	1628865644	0	1628865644
621102152	621102152	1	0	1619425035	1644421774	1644422338
1021837188	1021837188	1	1069991051	1619439544	1619440079	1631353983
1149392240	1149392240	1	3608772637	1619532055	1644125416	1644399631
1027452712	1027452712	1	0	1619619648	1619620654	1619620655
978600979	978600979	1	0	1628950465	1633413806	1633413806
1032442694	1032442694	1	0	1619620336	0	1619620359
1071828333	1071828333	1	0	1629598340	1635176543	1635176543
543341097	543341097	1	0	1630310916	1635055129	1637326956
697398267	697398267	1	121766186	1619765192	1619774020	1620050061
662782974	662782974	1	3179385718	1619831479	1640779299	1641089821
623742816	623742816	1	540719910	1624018636	1624037016	1624038340
1018548697	1018548697	1	0	1642773733	0	1644422316
376461252	376461252	1	0	1623889186	1624098123	1624098123
825729195	825729195	1	0	1620013112	1620591643	1621917960
787137832	787137832	1	0	1628507021	1638447050	1641101814
263795038	263795038	1	103473340	1620267558	1641091010	1641101429
656460414	656460414	1	524464864	1620283674	1620283875	1620283875
1058564457	1058564457	1	2564287735	1620471706	1628940743	1641030630
962862249	962862249	1	0	1620978743	1639146528	1639146528
984630822	984630822	1	0	1622160207	1622162488	1626570124
645695397	645695397	1	1684163897	1620476160	1638007406	1641045884
947159792	947159792	1	1404020759	1628669039	1628759912	1628759994
1044746421	1044746421	1	0	1620480439	1620560070	1620562142
690511175	690511175	1	1690546395	1620997791	1642214189	1644415162
768909404	768909404	1	0	1620533373	1635599669	1635599674
1134737596	1134737596	1	0	1628897130	1630102547	1630102547
348837199	348837199	1	2945554086	1620545842	1628666584	1628990391
712841710	712841710	1	0	1628484769	1628484790	1628484790
819781368	819781368	1	0	1624889156	1624889208	1631409483
451752840	451752840	1	0	1634644442	1634645002	1640935100
862237136	862237136	1	2075195931	1620824631	1622436493	1623508521
766890072	766890072	1	0	1629895550	1632011939	1632011942
781438011	781438011	1	2564287735	1620921886	1625996715	1631431951
917077065	917077065	1	1136807052	1620973893	1623234213	1623554057
105461845	105461845	1	0	1629426760	0	1633318462
778976135	778976135	1	0	1626500107	1626500233	1626505583
780260670	780260670	1	1690546395	1621047178	1621047746	1621167204
611851720	611851720	1	0	1626355761	1634484173	1641053187
1056454733	1056454733	1	0	1621074018	1621074571	1621074571
758190694	758190694	1	2435589676	1621478580	1641902481	1644421880
1026126510	1026126510	1	0	1633100079	1633355641	1633405498
662755845	662755845	1	0	1633521483	1633521548	1641033667
1051250641	1051250641	1	0	1631203343	1640525693	1640991616
959604256	959604256	1	0	1639224125	1639224141	1639224141
653376660	653376660	1	1369830596	1621523499	1628190463	1628651311
322085970	322085970	1	0	1640829396	1643004189	1643004189
90562534	90562534	1	672121520	1621565528	1621675074	1631447675
277153003	277153003	1	672121520	1621674031	1621696103	1621697172
668392501	668392501	1	0	1621700202	1640936979	1640937073
300189809	300189809	1	0	1627977659	1641038004	1641101593
629040026	629040026	1	0	1621775247	1622797145	1627648263
985515297	985515297	1	0	1621775445	0	1637416759
707388615	707388615	1	0	1621960931	1635663883	1641101613
972436565	972436565	1	0	1627378596	1640784219	1644421808
1043674002	1043674002	1	0	1622038539	1622104720	1631441038
3800313792	3800313792	1	0	1622038725	0	1622038725
837180721	837180721	1	0	1629438008	1629438112	1629532275
414134320	414134320	1	0	1628751153	1629190493	1629190878
827705453	827705453	1	0	1622468598	1635812298	1641101901
118633492	118633492	1	0	1624160795	1624235341	1627931938
902236086	902236086	1	0	1630255246	0	1641100805
514420517	514420517	1	0	1629097532	1629160120	1641042130
796855212	796855212	1	0	1627550973	1627551164	1627616854
220610622	220610622	1	0	1622714336	1623596033	1626249097
756983260	756983260	1	0	1622904712	1623649022	1625721916
948595472	948595472	1	0	1625923301	1625925149	1626001458
329643400	329643400	1	547853453	1622935160	1622936526	1623064295
916959444	916959444	1	0	1623045696	1623045982	1629192538
974207110	974207110	1	0	1628773313	1639215309	1639215309
818324155	818324155	1	0	1623494260	0	1623645661
922350103	922350103	1	0	1628482642	1628854106	1628854106
1142535849	1142535849	1	0	1623645407	1641036859	1641036860
1037306334	1037306334	1	0	1623645409	1623645648	1623646613
869730567	869730567	1	0	1623649520	0	1623649526
733518462	733518462	1	1802087503	1623660298	1641276609	1644412129
665082309	665082309	1	0	1626341662	1626516676	1626516676
816073650	816073650	1	0	1627746323	1628150543	1629641551
485640875	485640875	1	0	1623660331	1623662473	1623662480
597411352	597411352	1	0	1623662002	1624890986	1625898172
569356705	569356705	1	0	1627631644	1627744663	1627745332
205659499	205659499	1	0	1627564818	0	1627702833
191401778	191401778	1	0	1629015539	1640439305	1640446496
874584163	874584163	1	0	1623669838	1623913523	1631410165
780290447	780290447	1	0	1623755462	1623776291	1623776375
755427611	755427611	1	0	1624264908	1625845596	1625845602
798175042	798175042	1	0	1624288270	1626015007	1626015206
717556135	717556135	1	0	1624329153	1625929327	1625929517
764485492	764485492	1	0	1624453563	1624460110	1624496882
727116785	727116785	1	0	1633328394	1633332221	1634562614
1130088264	1130088264	1	0	1629683250	1629683682	1629683682
893680034	893680034	1	0	1624460952	1624940058	1624940219
1030710310	1030710310	1	0	1629732614	1632051519	1640613475
486430947	486430947	1	0	1624598811	1624804532	1624804532
903639225	903639225	1	0	1624613992	1624624924	1628331249
1034483942	1034483942	1	0	1624714367	1624715682	1627349084
725390831	725390831	1	0	1628081243	1628187500	1628187500
812264629	812264629	1	1445230812	1631705660	0	1641022783
778557582	778557582	1	1943769811	1624856492	0	1629270412
950135024	950135024	1	0	1629687381	1631066236	1631586876
828717022	828717022	1	0	1624972618	1624974062	1626496660
923056993	923056993	1	0	1632494898	1632972455	1640772920
1082365996	1082365996	1	0	1625137111	1629689993	1641099707
274052756	274052756	1	0	1625287508	0	1625287508
982094103	982094103	1	0	1629206434	1629207468	1641100325
170751468	170751468	1	0	1625679066	1626572385	1640216279
422865051	422865051	1	3509604286	1625979118	1625980967	1625983416
942588782	942588782	1	0	1625738397	1626095619	1627294169
833317841	833317841	1	0	1625750977	1643874586	1644414716
949359624	949359624	1	0	1625922356	1626002236	1626002236
859339473	859339473	1	0	1625961933	1638019256	1641099492
930148098	930148098	1	0	1628922788	1628922943	1628923032
1038857728	1038857728	1	0	1625962332	0	1625962446
866316816	866316816	1	0	1626054275	1626225320	1626225320
261683383	261683383	1	0	1642298205	0	1643298906
815975038	815975038	1	0	1626055067	1636583190	1641099245
743427680	743427680	1	0	1626065068	1626516480	1626516480
1005451807	1005451807	1	0	1633102461	1634801312	1634807983
493980719	493980719	1	0	1626081642	1640868526	1641095862
415502120	415502120	1	1057679688	1626084234	1627136949	1628580081
873149627	873149627	1	358273841	1626099657	1626188643	1641083580
1108332701	1108332701	1	0	1627973483	1637841099	1641101750
591594532	591594532	1	0	1627390423	1627391977	1627392000
574845320	574845320	1	0	1626233572	1626237112	1626237112
203577342	203577342	1	0	1626233621	1626237128	1626237128
714418354	714418354	1	0	1626233635	1626237174	1626237174
863590545	863590545	1	0	1627039189	1627039323	1627039323
255801897	255801897	1	0	1626235043	1626516569	1626516569
1104570616	1104570616	1	0	1629202246	1639244951	1644422296
831240325	831240325	1	0	1626309548	1629337207	1639221925
613271766	613271766	1	0	1626320803	1626516650	1626516650
784438735	784438735	1	0	1627732938	1636039973	1640702492
703118070	703118070	1	0	1626478942	0	1627485935
881650108	881650108	1	0	1626421799	1626738660	1627261384
707937668	707937668	1	0	1628663919	1628664611	1628985798
795148480	795148480	1	0	1626436901	0	1628863328
478438238	478438238	1	0	1626488705	1641091982	1641101904
883674320	883674320	1	0	1639797808	0	1641096023
1148742265	1148742265	1	0	1626522299	1632403095	1640185997
926698549	926698549	1	3321936218	1628092453	1628912624	1628913003
1056053958	1056053958	1	760207163	1626540524	1636389988	1644199478
929750262	929750262	1	0	1637157213	1639316889	1639316889
878968548	878968548	1	0	1626591493	1626601607	1626601607
699248252	699248252	1	0	1626604365	1626676668	1626697244
1045488682	1045488682	1	0	1627834684	0	1628170446
1154962399	1154962399	1	0	1630943577	1640777225	1641100390
798953828	798953828	1	0	1628358399	1638462224	1638462224
763897185	763897185	1	0	1626623481	1628856776	1629105547
289390145	289390145	1	0	1626678500	1635732803	1641100240
334786212	334786212	1	2051751595	1630817685	1630818590	1630818598
809233487	809233487	1	0	1626680270	0	1626680272
528958249	528958249	1	0	1629464830	1629465683	1629466465
1148229124	1148229124	1	1438320787	1626801704	1626803975	1626805384
1141278361	1141278361	1	0	1633357314	0	1633358596
680256295	680256295	1	0	1626867730	1627105138	1636600607
708162599	708162599	1	0	1633325080	1638616375	1641101241
1033934646	1033934646	1	0	1626927114	1636095977	1641101825
1055256874	1055256874	1	0	1626945155	1629764887	1629861332
917036001	917036001	1	0	1627001106	1627001158	1627354119
981019542	981019542	1	0	1627014138	1627014197	1627014197
565603710	565603710	1	0	1629069962	1629867722	1629867722
920917289	920917289	1	2973416451	1627014213	1627133079	1627133079
459983411	459983411	1	0	1627046632	0	1627923650
602983193	602983193	1	0	1627049043	1627049641	1627049779
917522957	917522957	1	0	1629620974	1629621221	1629621221
878899541	878899541	1	0	1627050333	1628990038	1630322724
813227885	813227885	1	0	1629176653	0	1634990918
697028875	697028875	1	2983704175	1633249104	1633249238	1633249384
1017431198	1017431198	1	2176813202	1627102346	1627790998	1633435049
735174550	735174550	1	0	1627102817	1627103041	1627103224
369131366	369131366	1	1301800492	1627132585	1641964964	1644422323
978263961	978263961	1	928384703	1628863903	0	1628864473
638979385	638979385	1	0	1627136593	1629087094	1629087094
806391942	806391942	1	0	1628425202	1628425602	1628425686
1142388337	1142388337	1	3510299394	1627529175	1642334675	1644421409
1020639650	1020639650	1	0	1627209418	1627437836	1641052796
1002480212	1002480212	1	0	1627348353	1641783119	1644412932
748810972	748810972	1	0	1629601092	1629601742	1629642858
1146533531	1146533531	1	0	1629555360	1629556579	1637059341
483181592	483181592	1	0	1627359704	1627448057	1627472720
947414034	947414034	1	0	1627375071	1630760657	1641091493
975878206	975878206	1	1918620442	1628773581	1628828720	1629269416
859755316	859755316	1	0	1627889038	1637373415	1641101826
903891945	903891945	1	0	1627377956	0	1627378022
663733231	663733231	1	0	1627378137	1627484918	1627489051
885977140	885977140	1	0	1627432262	1638956872	1641045663
765249507	765249507	1	2051751595	1641312798	1641973509	1642394934
780852899	780852899	1	0	1631635100	1631680957	1641024093
101469813	101469813	1	0	1627465605	1627697803	1627715212
607888509	607888509	1	0	1629689855	1644411970	1644414835
916697444	916697444	1	0	1627473018	1636987484	1638542448
692948113	692948113	1	0	1639580894	0	1639581089
830188382	830188382	1	0	1627484801	1629768313	1629863049
630543617	630543617	1	0	1627533860	1627560807	1641101890
1053943132	1053943132	1	0	1629426684	1641863300	1644415011
575243516	575243516	1	0	1627546201	1640917403	1641042776
892208382	892208382	1	0	1627548370	1640950089	1641101862
699432587	699432587	1	0	1627550797	1627995175	1628897133
672403777	672403777	1	0	1636989381	1637149328	1641095536
859471069	859471069	1	0	1627550799	1629176729	1636210322
812645908	812645908	1	0	1627551253	1627551263	1627551305
870917339	870917339	1	0	1627562166	1632180157	1641099896
671313987	671313987	1	0	1627563572	1627564030	1641101364
1041019215	1041019215	1	0	1628394803	1644163278	1644205595
618921760	618921760	1	0	1628009908	1630157693	1633703891
776994860	776994860	1	2051751595	1627573274	1639526910	1642394229
958138202	958138202	1	0	1627611590	1627639271	1627639271
970112944	970112944	1	0	1628586508	1628591508	1628591909
709523879	709523879	1	0	1627615982	1640947054	1640969722
791024938	791024938	1	0	1643207533	1643284196	1643284196
730845938	730845938	1	0	1627616820	1627621327	1627696344
970169781	970169781	1	1763039059	1641317752	1641318100	1644201772
967772414	967772414	1	0	1631447224	0	1640956393
285414655	285414655	1	0	1627616821	1638024568	1638091563
639867681	639867681	1	0	1627635099	1640187568	1640187568
236298470	236298470	1	0	1627639496	1627639710	1627639721
738289626	738289626	1	0	1637389664	1638922561	1638922561
955924042	955924042	1	0	1627650039	1628150579	1633575616
417672202	417672202	1	0	1627699243	1633186530	1633186530
253238900	253238900	1	0	1627708863	1628781920	1628871931
903865966	903865966	1	0	1627708869	1628867965	1630674425
625421447	625421447	1	0	1628084524	1628084543	1629265507
806311028	806311028	1	0	1627708875	1643020131	1643020131
977012800	977012800	1	0	1627708889	0	1627923679
795472714	795472714	1	0	1627730962	1628907944	1641093920
526978394	526978394	1	1830035021	1627731109	1628400228	1628471109
1051168678	1051168678	1	0	1627737796	1627989933	1641100062
870564135	870564135	1	0	1630679811	1637203621	1641101519
726231752	726231752	1	0	1627744527	1627744583	1627744583
338290342	338290342	1	0	1638342140	1640757851	1641101912
1124149232	1124149232	1	0	1627747180	1627750178	1641100767
419070736	419070736	1	0	1627747469	0	1627828471
630720865	630720865	1	0	1627751688	1627751705	1627751801
320128663	320128663	1	0	1627771571	1627771744	1627793917
643141219	643141219	1	0	1638143507	1639494978	1641040043
725074303	725074303	1	0	1627777723	1640248944	1641101867
754031940	754031940	1	0	1627795502	1627795722	1627795722
914057621	914057621	1	0	1627986005	1627986023	1641048187
820142149	820142149	1	0	1627806921	0	1627806921
294357613	294357613	1	0	1629599055	0	1644193919
822873897	822873897	1	1196971549	1641084032	1644411093	1644422280
539748683	539748683	1	0	1629014769	1644109965	1644408680
309765516	309765516	1	0	1627825523	0	1627825804
318464146	318464146	1	0	1627829813	1627831208	1627831368
1129794308	1129794308	1	2381933312	1628571130	1628571268	1640780261
540028635	540028635	1	0	1627834065	0	1628170995
903562168	903562168	1	0	1629387801	1629945169	1641101619
236920390	236920390	1	0	1628755488	1640530411	1641100880
636895798	636895798	1	0	1627834169	1641714310	1643905893
600274844	600274844	1	0	1627845147	1640548421	1640553237
755725729	755725729	1	0	1629683253	1630455465	1630455851
1134355671	1134355671	1	0	1627875256	0	1628261974
619819103	619819103	1	0	1635868726	1636452873	1636452873
638782458	638782458	1	0	1627967312	0	1627967360
1146909120	1146909120	1	0	1627967539	0	1627968714
1041367921	1041367921	1	0	1627969718	1628165038	1628165038
733510426	733510426	1	0	1629090570	1635471171	1641099600
742476417	742476417	1	0	1627974709	1627975455	1627975500
689387184	689387184	1	0	1627975478	1627975526	1627975976
577560883	577560883	1	0	1629598353	1629598793	1629607272
776409499	776409499	1	0	1627975783	1629225560	1641092460
910460338	910460338	1	0	1641819189	1644048998	1644422287
1128067433	1128067433	1	0	1627986487	1628208528	1641086844
928808240	928808240	1	0	1627989047	1627989203	1627989203
565290990	565290990	1	442864893	1633341430	1634337270	1644422170
283203820	283203820	1	0	1628022626	1640763084	1640764061
922419116	922419116	1	0	1628078421	1628586860	1628586874
754212435	754212435	1	2432115441	1628079168	1629013131	1629450537
917390861	917390861	1	0	1632226102	1632232882	1632232882
717833141	717833141	1	0	1628120353	0	1640990398
726342152	726342152	1	0	1628146861	1641006563	1641101504
966507577	966507577	1	0	1628428829	1628768438	1628768438
962947709	962947709	1	0	1628174567	0	1628861574
885976583	885976583	1	0	1628180621	1628431729	1628432156
927975720	927975720	1	972734452	1628241347	1629118826	1629118826
1134697577	1134697577	1	0	1628253791	1628436582	1640969217
700419441	700419441	1	0	1632492903	1632495150	1640342238
543202155	543202155	1	0	1628258342	1629605176	1629607311
863842980	863842980	1	0	1630133572	1630133785	1630133785
658909150	658909150	1	0	1633166707	1639241763	1639243174
866748564	866748564	1	0	1628261742	1640309959	1641101336
183886532	183886532	1	2136799549	1628266410	1628277833	1628874828
734044575	734044575	1	0	1628320016	1628334837	1628681446
488282316	488282316	1	0	1628333954	1628338038	1628338038
464368849	464368849	1	0	1631203320	1640375202	1644413113
960393352	960393352	1	0	1628334817	1640265889	1640265889
951716707	951716707	1	0	1635865503	0	1635865503
924249436	924249436	1	0	1628338026	0	1629450995
801152271	801152271	1	0	1628338066	0	1628675512
652904862	652904862	1	0	1628338242	1630153048	1641097025
695626826	695626826	1	0	1628338260	0	1628344142
519721657	519721657	1	0	1629646533	1629646660	1629817384
496270771	496270771	1	0	1631635113	1641095560	1641101908
856967582	856967582	1	0	1629125150	1633191668	1639754231
693454149	693454149	1	0	1633261101	1640622113	1641001601
544593105	544593105	1	0	1628342091	1628342250	1633151540
578335534	578335534	1	0	1638328596	1640015658	1641101799
611056431	611056431	1	0	1628345060	1643102948	1644406226
729617330	729617330	1	0	1628347236	1632065597	1632065597
651350914	651350914	1	0	1629116440	0	1629858660
543790431	543790431	1	0	1639878785	0	1639879100
1019401793	1019401793	1	0	1635086734	1635549020	1641101119
964414689	964414689	1	2822411294	1633269130	1641098351	1641101906
872547262	872547262	1	0	1628385820	1638675027	1641101440
980432897	980432897	1	0	1628405073	1628604560	1629989615
925229817	925229817	1	1404020759	1628409625	1628412235	1628412244
930344227	930344227	1	0	1628424263	1628755780	1628761759
765063337	765063337	1	0	1641829990	1643269809	1644407675
491225319	491225319	1	0	1628467458	1628771299	1628771548
716238208	716238208	1	0	1628468896	1629719455	1630320749
1092068955	1092068955	1	0	1628478229	1629972723	1635609946
966318358	966318358	1	0	1628503405	0	1628503580
540822650	540822650	1	0	1633315673	0	1633341380
883785128	883785128	1	0	1628507692	1630685980	1641017181
1163392332	1163392332	1	0	1628580268	1628929438	1641100872
977184706	977184706	1	0	1632493027	1632493320	1641041830
1006941894	1006941894	1	0	1628582085	1628590277	1628601532
959311298	959311298	1	0	1628582494	1628589358	1628590425
183896166	183896166	1	0	1637654883	1639045793	1639045793
971785791	971785791	1	0	1628652501	1629131135	1629779983
905452930	905452930	1	0	1632744024	1636359002	1636359002
867305722	867305722	1	0	1628654740	1629302515	1629816155
815910005	815910005	1	0	1628658853	1637735034	1637735034
773980874	773980874	1	0	1628669100	1628670613	1628671721
910808110	910808110	1	0	1628692731	1628956509	1629299194
866097242	866097242	1	0	1628727922	1629555476	1640957551
933805656	933805656	1	0	1628732172	1628732797	1628732976
115199654	115199654	1	0	1629299729	1629299813	1629299944
852705371	852705371	1	0	1628735259	1628736339	1629811378
798150454	798150454	1	0	1628739120	1628829486	1629507110
957955870	957955870	1	0	1628739155	1634919941	1644422411
883733624	883733624	1	0	1633585953	1633587175	1633587175
957433213	957433213	1	0	1628747482	1630336565	1635666256
1055679301	1055679301	1	0	1628752163	1628918435	1635587188
861051731	861051731	1	0	1628759813	0	1628760742
975090009	975090009	1	0	1628759861	1628768899	1628829053
983358333	983358333	1	0	1634568729	0	1635038587
776191966	776191966	1	0	1628820358	1629300295	1629300710
1057745439	1057745439	1	0	1628821141	1628821952	1628826275
953513155	953513155	1	0	1628821644	1630710289	1640967646
747963314	747963314	1	0	1639219368	1639557894	1641019801
1130023832	1130023832	1	0	1628822103	0	1628822699
438446758	438446758	1	0	1628854591	1629016782	1638098748
809748661	809748661	1	0	1641818612	1642584502	1642584502
796197608	796197608	1	0	1629345628	1629346114	1629346114
976521719	976521719	1	928384703	1628865285	0	1628865985
1061988005	1061988005	1	0	1628897169	1635419995	1641101027
963767928	963767928	1	0	1628901927	0	1634018271
1036945957	1036945957	1	0	1628911338	0	1628911761
1157702160	1157702160	1	0	1628914543	1628914558	1641101494
935559363	935559363	1	0	1628918990	1628919061	1629093248
1154317841	1154317841	1	0	1633100079	0	1641099029
1093227764	1093227764	1	0	1628938117	1628939090	1640429348
992435825	992435825	1	0	1633062031	1635433045	1635666098
837843580	837843580	1	0	1628943145	1633498469	1641037156
901283217	901283217	1	0	1628944169	1628945258	1635046045
736136602	736136602	1	0	1629038684	1629472778	1629996695
916718443	916718443	1	928384703	1628950805	1628951188	1629213702
885883103	885883103	1	0	1628962070	1630337736	1641007790
770876918	770876918	1	0	1631635135	0	1631635135
413823600	413823600	1	0	1628985795	1629002701	1629002701
827371274	827371274	1	0	1629022984	0	1629023402
772193216	772193216	1	0	1629023586	0	1629023671
136350893	136350893	1	0	1629024260	1629117982	1629121684
330503037	330503037	1	2712214023	1629037244	1643421817	1644411189
817157036	817157036	1	0	1629038110	1636378963	1641088280
904470237	904470237	1	0	1629090804	1629380203	1629730377
490924691	490924691	1	0	1629096833	1630368855	1641101912
680302985	680302985	1	0	1629099690	0	1629103669
514742100	514742100	1	0	1629102282	0	1629102494
738123986	738123986	1	0	1631081006	1640419315	1640603888
1059546591	1059546591	1	0	1629107110	1629172228	1637682967
981256885	981256885	1	0	1629122249	1629122565	1629155992
426673223	426673223	1	0	1629125147	1643021943	1643163164
474725447	474725447	1	0	1629254267	1642419535	1644421704
249494102	249494102	1	0	1631374183	0	1638706492
318636682	318636682	1	0	1630414258	1630975805	1632696159
1073386840	1073386840	1	0	1629287091	1629290652	1637507998
749022542	749022542	1	0	1629345488	1629348967	1641095814
631733919	631733919	1	0	1629515016	1632471448	1641082341
975230842	975230842	1	0	1629347849	1640767767	1644209537
860277680	860277680	1	0	1629351030	0	1633153312
782850076	782850076	1	0	1629351890	1629352936	1629353708
261896080	261896080	1	0	1629374729	0	1629374734
710977015	710977015	1	0	1638874082	1639759848	1639759848
991067739	991067739	1	0	1629380905	1629652520	1629725517
984487745	984487745	1	0	1629385888	0	1634539898
690274236	690274236	1	0	1633585239	1636093829	1641101546
867141609	867141609	1	0	1629387206	1640642943	1640784816
770810734	770810734	1	0	1629426659	1629983794	1630121773
815457058	815457058	1	0	1629572562	1630538435	1641078759
165067143	165067143	1	0	1629402995	1629464875	1629464875
433463340	433463340	1	0	1641208416	0	0
727858262	727858262	1	0	1629430542	1629430959	1641057452
983561403	983561403	1	0	1629458818	1632489488	1640395057
985816173	985816173	1	0	1629464402	1629643827	1629644124
731449860	731449860	1	0	1629466179	0	1629466488
542061489	542061489	1	0	1639571036	1640535559	1641056699
774822854	774822854	1	0	1629514126	1629518077	1634979969
879642042	879642042	1	0	1629895544	1629898570	1629898570
443172120	443172120	1	0	1629555109	1629609445	1641039861
992939917	992939917	1	360074610	1629556714	1629560192	1631286594
813666239	813666239	1	0	1629561309	1629567580	1629567580
1062595322	1062595322	1	0	1629565091	1629565115	1629565165
1053152994	1053152994	1	0	1629598337	1629780827	1629780827
1063247484	1063247484	1	0	1629598342	1629601145	1633183634
664502095	664502095	1	0	1629598541	1637245210	1641101905
248388995	248388995	1	0	1640579480	1640580039	1640966516
210070352	210070352	1	1192634309	1629612517	1633569071	1633571330
902335363	902335363	1	0	1629620865	1629887623	1629887623
951297439	951297439	1	0	1629647362	0	1644210053
572068212	572068212	1	0	1629720024	1640661811	1641029941
916430671	916430671	1	0	1629722520	1629728915	1641046440
871897036	871897036	1	0	1629731945	1629867123	1630932094
417698665	417698665	1	0	1633585450	1633585484	1633693005
916838928	916838928	1	0	1629797054	1634405647	1641093844
832457546	832457546	1	0	1629811404	1633530798	1633530798
530079498	530079498	1	1041088880	1641313976	1641399772	1642394930
529625512	529625512	1	0	1629822821	0	1641090698
1077687769	1077687769	1	0	1629841917	0	1640970157
740621766	740621766	1	0	1629861178	1633531803	1633532169
129145130	129145130	1	2949948645	1634992835	1634992915	1634992915
798655886	798655886	1	1924653895	1629863849	1629991199	1629991990
825432135	825432135	1	0	1629866812	1630112493	1630117927
965066929	965066929	1	0	1635558047	1640445778	1640994383
346053880	346053880	1	0	1629879658	1629948647	1629957700
894153219	894153219	1	0	1632742697	1637151603	1637151603
962213406	962213406	1	0	1631440148	1636818958	1640790785
589347876	589347876	1	0	1629879665	0	1629900569
692603312	692603312	1	0	1629881534	1629882084	1629957752
370864625	370864625	1	0	1631440106	1632483224	1641047574
332643787	332643787	1	0	1629895698	1629896863	1629896879
810376436	810376436	1	0	1629896232	1630851048	1633341464
792662464	792662464	1	0	1641208416	0	0
635596872	635596872	1	0	1629896593	1635164351	1641099271
973578119	973578119	1	0	1630072573	1637366003	1644421781
648375699	648375699	1	0	1633310334	1641069951	1641101364
1077086396	1077086396	1	0	1629901976	0	1632216040
1091206238	1091206238	1	0	1629913530	1629913544	1640705481
887906805	887906805	1	0	1629945870	0	1630134522
883444994	883444994	1	0	1629952130	1629952142	1629952418
939324814	939324814	1	0	1629958751	1641090166	1641101270
254383625	254383625	1	0	1630024285	1633453586	1635761335
558730609	558730609	1	0	1630132750	1632294655	1632671603
1140611346	1140611346	1	0	1630132814	1630157352	1630161326
798558538	798558538	1	0	1630134475	1631660136	1633235977
955975426	955975426	1	0	1630430712	1632810661	1641101844
635714579	635714579	1	0	1630144294	1630391411	1630477404
964255563	964255563	1	0	1630233731	1630233767	1630236002
340917962	340917962	1	0	1630253504	1632124502	1641100477
1004508250	1004508250	1	0	1630254507	1630291663	1630303420
925786940	925786940	1	2997310275	1630290212	0	1630306948
308191087	308191087	1	0	1630414249	0	1630414249
602843866	602843866	1	1007669391	1630302378	0	1630305246
614728623	614728623	1	0	1630319289	0	1630337018
805665691	805665691	1	0	1630320706	0	1633428460
849800305	849800305	1	0	1630679807	1631375222	1631375222
208593936	208593936	1	0	1630679826	1630680922	1630680922
1141787167	1141787167	1	0	1630679831	0	1641038977
375773836	375773836	1	0	1630695782	1634918500	1634996392
704139585	704139585	1	0	1631506442	1639711428	1640271027
959353885	959353885	1	0	1630806429	1640861133	1641100887
967483744	967483744	1	0	1635583657	1635585514	1641087070
937116637	937116637	1	0	1630806447	1644164278	1644203929
852878087	852878087	1	0	1631025959	1635360518	1635624763
868607515	868607515	1	0	1631174992	1638362439	1640861381
1084329416	1084329416	1	0	1631203338	1636796730	1641100971
460648084	460648084	1	0	1631232867	1631379073	1640271668
418931646	418931646	1	3321936218	1631420969	1631421005	1631421005
1002699766	1002699766	1	0	1631423439	1632049402	1632494537
746651880	746651880	1	0	1631440100	1633141498	1641005981
972807643	972807643	1	0	1631536781	1631872945	1631873575
1011109104	1011109104	1	0	1633139069	1637899859	1641089304
425077825	425077825	1	0	1631538894	1632146384	1641092541
606832317	606832317	1	0	1631635103	1634052408	1635471798
1154170829	1154170829	1	0	1631676715	0	1641092797
535107942	535107942	1	0	1631713449	1631721371	1633008553
373771791	373771791	1	0	1631719881	1631797844	1631797844
974745660	974745660	1	1578983933	1631966466	1632321254	1632740950
1073331626	1073331626	1	0	1632048357	0	1632669621
791816398	791816398	1	0	1637586569	1637664882	1641037350
901756831	901756831	1	3155373773	1632115068	1632115109	1641005890
1035985487	1035985487	1	0	1632131978	1642357690	1644414752
983234524	983234524	1	46121968	1632154721	1632154774	1632155109
762877796	762877796	1	0	1632203312	1633182556	1635688339
820338258	820338258	1	0	1632209137	0	1632368693
977809219	977809219	1	0	1632210436	1632210918	1632210918
981251577	981251577	1	0	1643469229	1644153301	1644414693
732164451	732164451	1	0	1632472333	1632472419	1633005125
966454753	966454753	1	0	1632487645	1632492059	1632492261
657537866	657537866	1	0	1632492899	0	1633615865
795890642	795890642	1	0	1632668628	1633002779	1639975769
583400718	583400718	1	0	1632668661	0	1633063690
783567662	783567662	1	0	1632706321	1632706420	1632767581
602552317	602552317	1	0	1632706863	0	1632706863
563723048	563723048	1	0	1633100079	1633106922	1637425176
983155147	983155147	1	1340603848	1632996095	1632997715	1644209860
1047189651	1047189651	1	0	1640256213	1640373788	1641101607
1063053207	1063053207	1	0	1633100079	1634648873	1641078006
1013936602	1013936602	1	0	1633244937	1633246225	1633323257
676776936	676776936	1	0	1633261993	1633339765	1633339765
1015040777	1015040777	1	0	1633270817	1633270933	1633273072
630502034	630502034	1	0	1633271278	1633602568	1641091053
1012966197	1012966197	1	0	1633278510	1637593955	1637597322
1013343200	1013343200	1	3275475782	1633304638	0	1641101037
578755809	578755809	1	0	1633315650	1633316055	1633316273
913544637	913544637	1	0	1633315663	1641012286	1641098297
575727765	575727765	1	0	1638616162	1638696159	1641100747
299899167	299899167	1	0	1636813420	1642050229	1642077710
536703541	536703541	1	0	1633315667	0	1637419667
706580379	706580379	1	0	1633315676	0	1641090712
855070129	855070129	1	0	1633315695	1641038057	1641099674
1154814742	1154814742	1	0	1633318591	1637664604	1641100007
925724689	925724689	1	0	1633328749	0	1633328749
511496048	511496048	1	0	1633329033	0	1633446572
1078388171	1078388171	1	0	1633330426	0	1640937636
757168953	757168953	1	0	1633334838	1633335097	1633335177
864914230	864914230	1	0	1633341375	1641026692	1641098255
946427277	946427277	1	0	1637321858	1638369785	1638370749
703667510	703667510	1	0	1638059324	1638106206	1638106483
693965182	693965182	1	0	1633341388	1633786690	1634236934
1001931348	1001931348	1	161523426	1636813364	0	1636813364
1014255747	1014255747	1	0	1633341394	1635431599	1641100326
966505350	966505350	1	0	1633341566	1633365847	1633365847
655956680	655956680	1	0	1633346531	1633499418	1640760740
921682800	921682800	1	0	1633361854	1633618162	1641094183
271459048	271459048	1	0	1633361896	1636609831	1641098646
892163146	892163146	1	0	1633398429	1636626723	1639744779
545682221	545682221	1	0	1633415792	1640907857	1641095908
985720740	985720740	1	0	1642323488	1644143898	1644209795
950308746	950308746	1	0	1633428707	0	1633538588
746518049	746518049	1	0	1642308822	1642464761	1643159968
783492324	783492324	1	0	1633447097	1633518182	1639808758
902076629	902076629	1	0	1633449543	1641039253	1641088629
906956396	906956396	1	0	1633575918	0	1633576120
588350436	588350436	1	0	1633585698	1633588735	1637319468
1041673211	1041673211	1	0	1633586180	1633877564	1633877564
681690987	681690987	1	0	1633586192	1636467419	1641046743
686541239	686541239	1	0	1633587007	1635607567	1641100077
929207745	929207745	1	0	1633587016	1633587382	1633587414
701517751	701517751	1	0	1633785325	1639747428	1641050181
715885592	715885592	1	0	1633785358	1633834863	1633837293
640589034	640589034	1	0	1633785359	1636277670	1637921039
239701088	239701088	1	0	1633785376	1636099017	1636170610
927918426	927918426	1	0	1633785386	1633788684	1633836851
1018215781	1018215781	1	0	1633786672	0	1633786778
757055862	757055862	1	0	1633853118	0	1633853118
1020849034	1020849034	1	0	1633878416	1633878774	1637212274
609484303	609484303	1	0	1633995836	1636733618	1641021165
981804116	981804116	1	0	1634008768	1634010352	1640830863
770600377	770600377	1	0	1634020303	1635557080	1635557080
808665709	808665709	1	0	1634135865	1642868102	1644401140
956264306	956264306	1	0	1634220912	1636170920	1641101195
205330239	205330239	1	0	1634220919	1634228108	1641026011
827955628	827955628	1	0	1634349382	1641097610	1641100465
307967953	307967953	1	0	1634448967	0	1640439271
806639720	806639720	1	0	1634484028	0	1640948693
993295307	993295307	1	0	1634535153	1634724938	1634724997
724854215	724854215	1	0	1634535412	1634535481	1634535515
737798314	737798314	1	0	1634535481	1644402798	1644422382
657924606	657924606	1	0	1634544655	1634601076	1634601173
1045538602	1045538602	1	0	1634619859	1634969504	1635689452
659710216	659710216	1	0	1634620342	1640943756	1641101910
983762994	983762994	1	0	1634627043	1634627063	1641082319
1001782928	1001782928	1	0	1634650436	1634886944	1636193041
922573312	922573312	1	0	1634706832	0	1641100022
468997456	468997456	1	0	1634881307	1634957960	1634916375
752900286	752900286	1	0	1634958713	1636885710	1637766307
109686555	109686555	1	0	1634986741	1637415146	1640942786
916174214	916174214	1	0	1634986766	0	1637249328
511956413	511956413	1	0	1635086640	1635086700	1635086700
1095741130	1095741130	1	0	1635259268	1635261797	1635262392
822058416	822058416	1	0	1635306791	1635307638	1635391943
195933088	195933088	1	0	1635542023	1635542041	1635542041
747125021	747125021	1	0	1635589006	1638001407	1638001407
1070458891	1070458891	1	3277504059	1635595751	1641032300	1644414603
150590431	150590431	1	0	1635600988	0	1635601667
984993752	984993752	1	0	1635607071	0	1637417870
796580764	796580764	1	0	1635656188	1639666339	1641101681
994936179	994936179	1	0	1635772349	1636469448	1636562793
669021611	669021611	1	0	1635772454	1636562335	1636641832
782026410	782026410	1	0	1635775721	0	1641094538
191897931	191897931	1	0	1635892056	1635892329	1635892329
706565611	706565611	1	0	1635945913	1640077972	1641100404
904282451	904282451	1	0	1635980788	1636129871	1636959482
964302394	964302394	1	0	1636197714	0	1636197745
967178826	967178826	1	380481052	1636207646	1636247463	1638083554
713658013	713658013	1	386143768	1636244358	1644402609	1644404590
982881613	982881613	1	209699028	1636287218	0	1640428997
1002872449	1002872449	1	1274490449	1636290171	1636294441	1636294836
440469623	440469623	1	1274490449	1636386555	1636386557	1636389515
749747930	749747930	1	0	1636455809	1637069634	1637078010
813731595	813731595	1	0	1636626358	1640135996	1641088811
559555801	559555801	1	0	1636628003	0	1636674560
345397493	345397493	1	0	1636785466	1636814328	1636814497
1001595925	1001595925	1	0	1636812343	1640948142	1640948142
662499064	662499064	1	0	1636867332	1636890617	1637459620
337230419	337230419	1	0	1636986237	1641052699	1644413634
1021802388	1021802388	1	0	1636988260	1639191695	1639625781
763406517	763406517	1	0	1641208416	0	0
709193488	709193488	1	0	1636989233	1639154764	1641083552
970178131	970178131	1	0	1637321766	1638458119	1638458774
948551853	948551853	1	0	1637321954	1639321531	1639321926
249988380	249988380	1	0	1637425289	1644387248	1644392841
943151545	943151545	1	0	1637503297	1639740404	1641101662
436873186	436873186	1	0	1637503311	1637584706	1638244557
679013871	679013871	1	0	1637503697	1637504115	1637504115
438791416	438791416	1	0	1637504219	1637653932	1637653932
1011182023	1011182023	1	1920236216	1637506683	1637722357	1637748692
1076771302	1076771302	1	0	1637586529	0	1637675835
362205326	362205326	1	1336162779	1640943399	1640944432	1640944432
732492220	732492220	1	0	1637590469	0	1637638528
174545499	174545499	1	0	1637590472	0	1638191273
192632841	192632841	1	2974703790	1637676556	1639165744	1639165896
806766548	806766548	1	2432115441	1637904665	0	1637906084
1041624532	1041624532	1	0	1637986459	1637986737	1641101392
569353321	569353321	1	0	1637997623	1637998178	1637998356
798621601	798621601	1	0	1638069063	0	1638069609
872763761	872763761	1	0	1638244954	1638802888	1641027578
931347488	931347488	1	0	1638266050	1638266168	1641099369
863289667	863289667	1	1147398072	1638363287	1640527187	1640527187
792684279	792684279	1	0	1638462134	1638462168	1638570974
156894570	156894570	1	0	1638479735	1638764503	1638764560
704245315	704245315	1	0	1638517049	1639059061	1639059061
741933639	741933639	1	0	1638544436	1638712059	1638716091
711419441	711419441	1	0	1638616162	1638718775	1638721236
691500553	691500553	1	0	1638681334	1638681407	1638929183
564177090	564177090	1	0	1638691057	1639315486	1639315486
149502429	149502429	1	0	1638747997	1639305598	1639307095
961997473	961997473	1	0	1638785270	1640008111	1640008111
810410462	810410462	1	0	1638803180	1640836667	1641101492
691348193	691348193	1	0	1638876493	1640701183	1641041516
639412607	639412607	1	271365510	1639055306	1639055573	1642754321
328220812	328220812	1	0	1639224183	1644414933	1644414933
453710945	453710945	1	0	1639317941	0	1639319645
584517440	584517440	1	0	1639541265	1639541452	1639541452
662538157	662538157	1	2241676289	1639547332	1641011869	1641014222
799588471	799588471	1	0	1639568789	1639670494	1639671094
143146450	143146450	1	0	1639685411	1639693421	1640033965
882917510	882917510	1	2641394518	1639753369	1644164575	1644422137
966086035	966086035	1	0	1639791641	1640788054	1641000988
716297592	716297592	1	0	1639932794	1644415040	1644422413
603054902	603054902	1	0	1639990026	1639991575	1639991939
565942235	565942235	1	0	1640005339	1640507763	1640579764
929113308	929113308	1	0	1640008561	1640601559	1641101908
741599051	741599051	1	0	1640255029	1640255414	1640257812
753591002	753591002	1	0	1640257745	1640258017	1640330798
758243347	758243347	1	2534257621	1640258210	1643560447	1644165600
883446597	883446597	1	0	1640262548	1640262665	1641094992
811815988	811815988	1	0	1640505692	0	1641042157
872492436	872492436	1	0	1640509671	1643179967	1644414192
933741209	933741209	1	0	1640581429	1641036387	1641036387
725182857	725182857	1	0	1640602260	1640602342	1640602342
1056229545	1056229545	1	0	1640690342	1640791570	1641017540
383823218	383823218	1	0	1642899062	0	1644422410
703038436	703038436	1	0	1640780871	1641999617	1642010044
730522672	730522672	1	1820632835	1641003899	0	1641009472
1134720705	1134720705	1	1877975843	1641029234	1641101568	1641101568
251687849	251687849	1	2936906682	1641056570	1641232240	1641550401
977872414	977872414	1	1642313574	1641083705	0	1644410376
481174870	481174870	1	0	1641208416	1644411680	1644422414
762650938	762650938	1	0	1641208416	1641998865	1641999127
768686721	768686721	1	0	1641208416	1641311438	1641311438
830393249	830393249	1	0	1641208416	1641999524	1641999524
852023766	852023766	1	0	1641208416	0	1642773738
856067941	856067941	1	0	1641208416	0	1641994757
949842711	949842711	1	0	1641208416	1642495381	1644422410
980410188	980410188	1	0	1641208416	0	0
1011242425	1011242425	1	0	1641208416	1641702847	1641868990
788019734	788019734	1	209699028	1641226153	1642466565	1643161744
763211517	763211517	1	1763039059	1641317646	1643510271	1644414426
231469448	231469448	1	0	1641829940	0	1641870206
908318015	908318015	1	0	1641829947	0	1642652195
1012488274	1012488274	1	0	1642163882	1642163918	1644421935
1031658152	1031658152	1	0	1642773732	0	1642820392
1029643233	1029643233	1	0	1642773732	0	1642781140
909445256	909445256	1	0	1642773742	1642817041	1642823097
495782275	495782275	1	0	1642844500	1642927595	1643011190
893341773	893341773	1	0	1643427670	1644208969	1644415370
